PC1	PC2	PC3	PC4	PC5	PC6	PC7	PC8	PC9	PC10
T23_rep1	-0.0142933944833708	0.263343388903392	0.252157510971635	-0.736369584606163	-0.163916967906772	0.277725393888935	-0.0717172391543399	0.336093527597979	-0.0501995464010231	-0.316227766016838
T23_rep2	-0.463558494628049	0.294617988292937	0.102441644460147	0.337644225258545	0.432714507195049	0.501569341178861	-0.0858027300837811	-0.0856348466600559	0.14250180862812	-0.316227766016838
T23_rep3	0.00342504162940477	0.222979580493647	0.333491728230977	0.417500283355416	-0.461121471282348	-0.181304376627034	0.501051150366685	0.239724261287079	0.10354173736831	-0.316227766016838
T23_rep4	-0.269387575188311	0.262617294347143	-0.194283086850175	-0.181898566028198	0.382187461538335	-0.723859265560764	0.0714140400093971	0.0157238016605303	-0.110647140678786	-0.316227766016838
T23_rep5	-0.27377716066838	-0.776567228926228	0.320167304115442	-0.13345713571184	0.0955711738600239	-0.00485331168802686	0.231102496047003	-0.152231990280877	-0.126218655934391	-0.316227766016838
T20_rep1	0.272588118481007	-0.0570090369716699	-0.512927455910082	0.127806300652642	0.0782967328430061	0.283416500196095	0.262247922032571	0.195199162048752	-0.591341428805234	-0.316227766016838
T20_rep2	0.337453577515423	-0.0962383196015372	-0.348093793553757	-0.168292970681588	0.101069635462333	0.0802756885892669	0.267877874331335	-0.168497698165305	0.714536331152297	-0.316227766016838
T20_rep3	0.633718987616851	-0.0203202872210485	0.430959588195603	0.191844463679755	0.310176776961506	-0.13414777365183	-0.396182298121836	0.0102543690482449	-0.0646996305026804	-0.316227766016838
T20_rep4	-0.00815908823200714	0.182217754074048	-0.0679249688316916	-0.0425963630613817	-0.438502898251661	-0.000512752377399516	-0.194742111635464	-0.767994439337811	-0.200690967047457	-0.316227766016838
T20_rep5	-0.218010012042567	-0.275641133390683	-0.315988470828098	0.187819347142812	-0.336474950419472	-0.0983094439481025	-0.585249103791571	0.377363852801464	0.183217492220844	-0.316227766016838
